2334	1960	2342	1688	2221	68	2321	551	1334	790	
394	1348	2342	2237	2341	48	2307	773	1724	1142	
2334	1689	1452	2342	2319	1159	2088	95	1960	568	
2334	1689	1452	2342	2319	1159	2088	91	1960	568	
2334	1689	1452	2342	2319	1159	2088	94	1960	568	
2334	1689	113	2342	2319	957	2088	2269	1960	568	
1696	2342	2339	588	1307	241	763	1058	2269	2300	
1686	2342	2339	611	1366	48	763	1058	2269	2302	
2333	1481	1017	616	1976	698	274	1945	2277	2342	
2277	1949	597	2339	1976	698	2342	184	2221	1413	
2077	1819	2334	1348	2342	503	307	2144	2329	763	
2077	2130	2334	1348	2342	503	324	2144	2329	763	
2339	2209	1432	351	2287	1292	807	113	1783	2342	
2339	2209	1432	351	2287	1100	1789	113	756	2342	
2339	2209	1432	351	2287	1100	1790	113	756	2342	
2341	2207	1432	351	2287	1096	1688	113	756	2342	
2269	2339	2056	2319	373	1754	2342	1478	1023	2307	
2257	2339	829	2319	335	1716	2342	1478	1023	2179	
2258	2339	829	2319	373	1716	2342	1478	1023	2179	
2265	2339	829	2319	373	1754	2342	1478	1023	2056	
2269	2339	829	2317	373	1754	2342	1478	1023	2024	
2342	2088	1718	2253	828	2319	2341	1375	113	568	
2342	2088	1729	2253	828	2319	2341	1375	113	568	
2342	2088	1724	2253	828	2319	2341	1375	113	568	
2237	2341	2321	1348	2342	2088	828	2277	1754	1023	
2237	2341	506	1348	2342	2088	828	2277	1754	993	
2237	2341	208	1348	2342	2088	828	2277	1754	1241	
2237	2341	212	1348	2342	2088	828	2277	1754	985	
2237	2341	212	1348	2342	2088	828	2277	1754	1105	
2237	2340	212	1348	2342	2088	828	2277	1754	1109	
2237	2341	213	1348	2342	2088	828	2277	1754	1023	
2237	2341	212	1348	2342	2088	828	2277	1754	1023	
2237	2341	507	1348	2342	2088	828	2277	1754	1023	
2237	2341	211	1348	2342	2088	828	2277	1754	1023	
2237	2341	210	1348	2342	2088	828	2277	1754	1023	
2147	2339	537	1348	2342	2013	799	2277	1754	1023	
2237	2341	212	1348	2342	2088	828	2277	1754	1107	
2237	2341	538	1348	2342	2088	828	2277	1754	1023	
